#Layer_Color=16711935
#
#Feature symbol names
#
$0 r3.937
$1 r5

#
#Feature attribute names
#

#
#Layer features
#
A 2.8425196 0.9616142 2.8425196 0.9616142 2.8228346 0.9616142 0 P 0 N
A 3.1023623 1.0877952 3.1023623 1.0877952 3.0826773 1.0877952 0 P 0 N
A 3.121063 2.1505907 3.121063 2.1505907 3.101378 2.1505907 0 P 0 N
L 0.1913438 1.2834646 0.1913438 1.3937008 1 P 0
L 0.1913438 1.2834646 0.1913438 1.3937008 1 P 0
L 0.1913438 1.2834646 0.317328 1.2834646 1 P 0
L 0.1913438 1.2834646 0.317328 1.2834646 1 P 0
L 0.1913438 1.3937008 0.317328 1.3937008 1 P 0
L 0.1913438 1.3937008 0.317328 1.3937008 1 P 0
L 0.222278 1.0720734 0.2385814 1.0112276 0 P 0
L 0.222278 1.0720734 0.3439692 1.1046805 0 P 0
L 0.2385814 1.0112276 0.360273 1.043835 0 P 0
L 0.317328 1.2834646 0.317328 1.3937008 1 P 0
L 0.317328 1.2834646 0.317328 1.3937008 1 P 0
L 0.3174801 0.8126937 0.3725982 0.7172264 1 P 0
L 0.3174801 0.8126937 0.3725982 0.7172264 1 P 0
L 0.3174801 0.8126937 0.4265856 0.8756858 1 P 0
L 0.3174801 0.8126937 0.4265856 0.8756858 1 P 0
L 0.3174801 1.8644717 0.3725982 1.959939 1 P 0
L 0.3174801 1.8644717 0.3725982 1.959939 1 P 0
L 0.3174801 1.8644717 0.4265856 1.8014796 1 P 0
L 0.3174801 1.8644717 0.4265856 1.8014796 1 P 0
L 0.3439692 1.1046805 0.360273 1.043835 0 P 0
L 0.3725982 0.7172264 0.4817037 0.7802185 1 P 0
L 0.3725982 0.7172264 0.4817037 0.7802185 1 P 0
L 0.3725982 1.959939 0.4817037 1.8969469 1 P 0
L 0.3725982 1.959939 0.4817037 1.8969469 1 P 0
L 0.4265856 0.8756858 0.4817037 0.7802185 1 P 0
L 0.4265856 0.8756858 0.4817037 0.7802185 1 P 0
L 0.4265856 1.8014796 0.4817037 1.8969469 1 P 0
L 0.4265856 1.8014796 0.4817037 1.8969469 1 P 0
L 0.5850438 1.2834646 0.5850438 1.3937008 1 P 0
L 0.5850438 1.2834646 0.5850438 1.3937008 1 P 0
L 0.5850438 1.2834646 0.711028 1.2834646 1 P 0
L 0.5850438 1.2834646 0.711028 1.2834646 1 P 0
L 0.5850438 1.3937008 0.711028 1.3937008 1 P 0
L 0.5850438 1.3937008 0.711028 1.3937008 1 P 0
L 0.711028 1.2834646 0.711028 1.3937008 1 P 0
L 0.711028 1.2834646 0.711028 1.3937008 1 P 0
L 0.7172264 0.3725982 0.7802185 0.4817037 1 P 0
L 0.7172264 0.3725982 0.7802185 0.4817037 1 P 0
L 0.7172264 0.3725982 0.8126937 0.3174801 1 P 0
L 0.7172264 0.3725982 0.8126937 0.3174801 1 P 0
L 0.7172264 2.3045672 0.7802185 2.1954617 1 P 0
L 0.7172264 2.3045672 0.7802185 2.1954617 1 P 0
L 0.7172264 2.3045672 0.8126937 2.3596853 1 P 0
L 0.7172264 2.3045672 0.8126937 2.3596853 1 P 0
L 0.7667758 0.8447246 0.8447246 0.7667758 1 P 0
L 0.7667758 0.8447246 0.8447246 0.7667758 1 P 0
L 0.7667758 0.8447246 0.8558601 0.9338089 1 P 0
L 0.7667758 0.8447246 0.8558601 0.9338089 1 P 0
L 0.7673165 1.8319008 0.8452653 1.9098495 1 P 0
L 0.7673165 1.8319008 0.8452653 1.9098495 1 P 0
L 0.7673165 1.8319008 0.8564007 1.7428164 1 P 0
L 0.7673165 1.8319008 0.8564007 1.7428164 1 P 0
L 0.7802185 0.4817037 0.8756858 0.4265856 1 P 0
L 0.7802185 0.4817037 0.8756858 0.4265856 1 P 0
L 0.7802185 2.1954617 0.8756858 2.2505798 1 P 0
L 0.7802185 2.1954617 0.8756858 2.2505798 1 P 0
L 0.8126937 0.3174801 0.8756858 0.4265856 1 P 0
L 0.8126937 0.3174801 0.8756858 0.4265856 1 P 0
L 0.8126937 2.3596853 0.8756858 2.2505798 1 P 0
L 0.8126937 2.3596853 0.8756858 2.2505798 1 P 0
L 0.8447246 0.7667758 0.9338089 0.8558601 1 P 0
L 0.8447246 0.7667758 0.9338089 0.8558601 1 P 0
L 0.8452653 1.9098495 0.9343496 1.8207651 1 P 0
L 0.8452653 1.9098495 0.9343496 1.8207651 1 P 0
L 0.8558601 0.9338089 0.9338089 0.8558601 1 P 0
L 0.8558601 0.9338089 0.9338089 0.8558601 1 P 0
L 0.8564007 1.7428164 0.9343496 1.8207651 1 P 0
L 0.8564007 1.7428164 0.9343496 1.8207651 1 P 0
L 0.9801945 1.2834645 0.9801945 1.3937007 1 P 0
L 0.9801945 1.2834645 0.9801945 1.3937007 1 P 0
L 0.9801945 1.2834645 1.1061787 1.2834645 1 P 0
L 0.9801945 1.2834645 1.1061787 1.2834645 1 P 0
L 0.9801945 1.3937007 1.1061787 1.3937007 1 P 0
L 0.9801945 1.3937007 1.1061787 1.3937007 1 P 0
L 1.0112279 2.4385838 1.0438349 2.3168925 0 P 0
L 1.0112279 2.4385838 1.0720733 2.4548876 0 P 0
L 1.0438349 2.3168925 1.1046808 2.3331964 0 P 0
L 1.0618693 1.5707578 1.106412 1.6153005 0 P 0
L 1.0618693 1.5707578 1.1509538 1.4816741 0 P 0
L 1.0720733 2.4548876 1.1046808 2.3331964 0 P 0
L 1.1061787 1.2834645 1.1061787 1.3937007 1 P 0
L 1.1061787 1.2834645 1.1061787 1.3937007 1 P 0
L 1.106412 1.6153005 1.1954957 1.5262162 0 P 0
L 1.1509538 1.4816741 1.1954957 1.5262162 0 P 0
L 1.2834646 0.1913438 1.2834646 0.317328 1 P 0
L 1.2834646 0.1913438 1.2834646 0.317328 1 P 0
L 1.2834646 0.1913438 1.3937008 0.1913438 1 P 0
L 1.2834646 0.1913438 1.3937008 0.1913438 1 P 0
L 1.2834646 0.317328 1.3937008 0.317328 1 P 0
L 1.2834646 0.317328 1.3937008 0.317328 1 P 0
L 1.2834646 0.5850438 1.2834646 0.711028 1 P 0
L 1.2834646 0.5850438 1.2834646 0.711028 1 P 0
L 1.2834646 0.5850438 1.3937008 0.5850438 1 P 0
L 1.2834646 0.5850438 1.3937008 0.5850438 1 P 0
L 1.2834646 0.711028 1.3937008 0.711028 1 P 0
L 1.2834646 0.711028 1.3937008 0.711028 1 P 0
L 1.2834646 1.5709875 1.2834646 1.6969717 1 P 0
L 1.2834646 1.5709875 1.2834646 1.6969717 1 P 0
L 1.2834646 1.5709875 1.3937008 1.5709875 1 P 0
L 1.2834646 1.5709875 1.3937008 1.5709875 1 P 0
L 1.2834646 1.6969717 1.3937008 1.6969717 1 P 0
L 1.2834646 1.6969717 1.3937008 1.6969717 1 P 0
L 1.2834646 1.9661386 1.2834646 2.0921228 1 P 0
L 1.2834646 1.9661386 1.2834646 2.0921228 1 P 0
L 1.2834646 1.9661386 1.3937008 1.9661386 1 P 0
L 1.2834646 1.9661386 1.3937008 1.9661386 1 P 0
L 1.2834646 2.0921228 1.3937008 2.0921228 1 P 0
L 1.2834646 2.0921228 1.3937008 2.0921228 1 P 0
L 1.2834646 2.3598394 1.2834646 2.4858236 1 P 0
L 1.2834646 2.3598394 1.2834646 2.4858236 1 P 0
L 1.2834646 2.3598394 1.3937008 2.3598394 1 P 0
L 1.2834646 2.3598394 1.3937008 2.3598394 1 P 0
L 1.2834646 2.4858236 1.3937008 2.4858236 1 P 0
L 1.2834646 2.4858236 1.3937008 2.4858236 1 P 0
L 1.2847143 1.1066283 1.2853935 0.980646 1 P 0
L 1.2847143 1.1066283 1.2853935 0.980646 1 P 0
L 1.2847143 1.1066283 1.3949489 1.1072226 1 P 0
L 1.2847143 1.1066283 1.3949489 1.1072226 1 P 0
L 1.2853935 0.980646 1.3956281 0.9812403 1 P 0
L 1.2853935 0.980646 1.3956281 0.9812403 1 P 0
L 1.3937008 0.1913438 1.3937008 0.317328 1 P 0
L 1.3937008 0.1913438 1.3937008 0.317328 1 P 0
L 1.3937008 0.5850438 1.3937008 0.711028 1 P 0
L 1.3937008 0.5850438 1.3937008 0.711028 1 P 0
L 1.3937008 1.5709875 1.3937008 1.6969717 1 P 0
L 1.3937008 1.5709875 1.3937008 1.6969717 1 P 0
L 1.3937008 1.9661386 1.3937008 2.0921228 1 P 0
L 1.3937008 1.9661386 1.3937008 2.0921228 1 P 0
L 1.3937008 2.3598394 1.3937008 2.4858236 1 P 0
L 1.3937008 2.3598394 1.3937008 2.4858236 1 P 0
L 1.3949489 1.1072226 1.3956281 0.9812403 1 P 0
L 1.3949489 1.1072226 1.3956281 0.9812403 1 P 0
L 1.479729 1.1495633 1.5247175 1.1936554 0 P 0
L 1.479729 1.1495633 1.5679126 1.0595875 0 P 0
L 1.5247175 1.1936554 1.6129012 1.1036793 0 P 0
L 1.5679126 1.0595875 1.6129012 1.1036793 0 P 0
L 1.5709869 1.2834646 1.5709869 1.3937008 1 P 0
L 1.5709869 1.2834646 1.5709869 1.3937008 1 P 0
L 1.5709869 1.2834646 1.6969711 1.2834646 1 P 0
L 1.5709869 1.2834646 1.6969711 1.2834646 1 P 0
L 1.5709869 1.3937008 1.6969711 1.3937008 1 P 0
L 1.5709869 1.3937008 1.6969711 1.3937008 1 P 0
L 1.5724825 0.3439695 1.6050893 0.2222778 0 P 0
L 1.5724825 0.3439695 1.6333285 0.3602727 0 P 0
L 1.6050893 0.2222778 1.6659354 0.238581 0 P 0
L 1.6333285 0.3602727 1.6659354 0.238581 0 P 0
L 1.6969711 1.2834646 1.6969711 1.3937008 1 P 0
L 1.6969711 1.2834646 1.6969711 1.3937008 1 P 0
L 1.7428161 0.8564005 1.8207649 0.9343493 1 P 0
L 1.7428161 0.8564005 1.8207649 0.9343493 1 P 0
L 1.7428161 0.8564005 1.8319004 0.7673162 1 P 0
L 1.7428161 0.8564005 1.8319004 0.7673162 1 P 0
L 1.7428177 1.8217566 1.8208534 1.7438949 1 P 0
L 1.7428177 1.8217566 1.8208534 1.7438949 1 P 0
L 1.7428177 1.8217566 1.8318025 1.9109402 1 P 0
L 1.7428177 1.8217566 1.8318025 1.9109402 1 P 0
L 1.8014796 0.4265856 1.8644717 0.3174801 1 P 0
L 1.8014796 0.4265856 1.8644717 0.3174801 1 P 0
L 1.8014796 0.4265856 1.8969469 0.4817037 1 P 0
L 1.8014796 0.4265856 1.8969469 0.4817037 1 P 0
L 1.8014806 2.2505816 1.8644727 2.3596871 1 P 0
L 1.8014806 2.2505816 1.8644727 2.3596871 1 P 0
L 1.8014806 2.2505816 1.8969479 2.1954635 1 P 0
L 1.8014806 2.2505816 1.8969479 2.1954635 1 P 0
L 1.8207649 0.9343493 1.9098492 0.845265 1 P 0
L 1.8207649 0.9343493 1.9098492 0.845265 1 P 0
L 1.8208534 1.7438949 1.9098382 1.8330785 1 P 0
L 1.8208534 1.7438949 1.9098382 1.8330785 1 P 0
L 1.8318025 1.9109402 1.9098382 1.8330785 1 P 0
L 1.8318025 1.9109402 1.9098382 1.8330785 1 P 0
L 1.8319004 0.7673162 1.9098492 0.845265 1 P 0
L 1.8319004 0.7673162 1.9098492 0.845265 1 P 0
L 1.8644717 0.3174801 1.959939 0.3725982 1 P 0
L 1.8644717 0.3174801 1.959939 0.3725982 1 P 0
L 1.8644727 2.3596871 1.95994 2.304569 1 P 0
L 1.8644727 2.3596871 1.95994 2.304569 1 P 0
L 1.8969469 0.4817037 1.959939 0.3725982 1 P 0
L 1.8969469 0.4817037 1.959939 0.3725982 1 P 0
L 1.8969479 2.1954635 1.95994 2.304569 1 P 0
L 1.8969479 2.1954635 1.95994 2.304569 1 P 0
L 1.9661374 1.2834646 1.9661374 1.3937008 1 P 0
L 1.9661374 1.2834646 1.9661374 1.3937008 1 P 0
L 1.9661374 1.2834646 2.0921216 1.2834646 1 P 0
L 1.9661374 1.2834646 2.0921216 1.2834646 1 P 0
L 1.9661374 1.3937008 2.0921216 1.3937008 1 P 0
L 1.9661374 1.3937008 2.0921216 1.3937008 1 P 0
L 2.0921216 1.2834646 2.0921216 1.3937008 1 P 0
L 2.0921216 1.2834646 2.0921216 1.3937008 1 P 0
L 2.1954617 0.7802185 2.2505798 0.8756858 1 P 0
L 2.1954617 0.7802185 2.2505798 0.8756858 1 P 0
L 2.1954617 0.7802185 2.3045672 0.7172264 1 P 0
L 2.1954617 0.7802185 2.3045672 0.7172264 1 P 0
L 2.1954635 1.8969479 2.2505816 1.8014806 1 P 0
L 2.1954635 1.8969479 2.2505816 1.8014806 1 P 0
L 2.1954635 1.8969479 2.304569 1.95994 1 P 0
L 2.1954635 1.8969479 2.304569 1.95994 1 P 0
L 2.2131096 2.4124016 2.2131096 2.4616142 0 P 0
L 2.2131096 2.4124016 2.2918498 2.4124016 0 P 0
L 2.2131096 2.4616142 2.2918498 2.4616142 0 P 0
L 2.2131096 2.4911417 2.2131096 2.5403543 0 P 0
L 2.2131096 2.4911417 2.2918498 2.4911417 0 P 0
L 2.2131096 2.5403543 2.2918498 2.5403543 0 P 0
L 2.2135766 2.3336693 2.2135766 2.3828789 0 P 0
L 2.2135766 2.3336693 2.2923158 2.3336693 0 P 0
L 2.2135766 2.3828789 2.2923158 2.3828789 0 P 0
L 2.2505798 0.8756858 2.3596853 0.8126937 1 P 0
L 2.2505798 0.8756858 2.3596853 0.8126937 1 P 0
L 2.2505816 1.8014806 2.3596871 1.8644727 1 P 0
L 2.2505816 1.8014806 2.3596871 1.8644727 1 P 0
L 2.2918498 2.4124016 2.2918498 2.4616142 0 P 0
L 2.2918498 2.4911417 2.2918498 2.5403543 0 P 0
L 2.2923158 2.3336693 2.2923158 2.3828789 0 P 0
L 2.3045672 0.7172264 2.3596853 0.8126937 1 P 0
L 2.3045672 0.7172264 2.3596853 0.8126937 1 P 0
L 2.304569 1.95994 2.3596871 1.8644727 1 P 0
L 2.304569 1.95994 2.3596871 1.8644727 1 P 0
L 2.3168946 1.6333311 2.3331979 1.5724853 0 P 0
L 2.3168946 1.6333311 2.4385857 1.6659383 0 P 0
L 2.3324923 2.3769685 2.3324923 2.4891732 0 P 0
L 2.3324923 2.3769685 2.3994215 2.3769685 0 P 0
L 2.3324923 2.4891732 2.3994215 2.4891732 0 P 0
L 2.3331979 1.5724853 2.4548896 1.6050925 0 P 0
L 2.3598374 1.2834646 2.3598374 1.3937008 1 P 0
L 2.3598374 1.2834646 2.3598374 1.3937008 1 P 0
L 2.3598374 1.2834646 2.4858216 1.2834646 1 P 0
L 2.3598374 1.2834646 2.4858216 1.2834646 1 P 0
L 2.3598374 1.3937008 2.4858216 1.3937008 1 P 0
L 2.3598374 1.3937008 2.4858216 1.3937008 1 P 0
L 2.3994215 2.3769685 2.3994215 2.4891732 0 P 0
L 2.4182941 2.3769686 2.4182941 2.4891733 0 P 0
L 2.4182941 2.3769686 2.4852233 2.3769686 0 P 0
L 2.4182941 2.4891733 2.4852233 2.4891733 0 P 0
L 2.4385857 1.6659383 2.4548896 1.6050925 0 P 0
L 2.4852233 2.3769686 2.4852233 2.4891733 0 P 0
L 2.4858216 1.2834646 2.4858216 1.3937008 1 P 0
L 2.4858216 1.2834646 2.4858216 1.3937008 1 P 0
L 2.6062991 2.140748 2.6062991 2.1899606 0 P 0
L 2.6062991 2.140748 2.6850393 2.140748 0 P 0
L 2.6062991 2.1899606 2.6850393 2.1899606 0 P 0
L 2.6062991 2.2194882 2.6062991 2.2687008 0 P 0
L 2.6062991 2.2194882 2.6850393 2.2194882 0 P 0
L 2.6062991 2.2687008 2.6850393 2.2687008 0 P 0
L 2.6062992 2.4124016 2.6062992 2.4616142 0 P 0
L 2.6062992 2.4124016 2.6850394 2.4124016 0 P 0
L 2.6062992 2.4616142 2.6850394 2.4616142 0 P 0
L 2.6062992 2.4911417 2.6062992 2.5403543 0 P 0
L 2.6062992 2.4911417 2.6850394 2.4911417 0 P 0
L 2.6062992 2.5403543 2.6850394 2.5403543 0 P 0
L 2.606306 2.0620158 2.606306 2.1112254 0 P 0
L 2.606306 2.0620158 2.6850452 2.0620158 0 P 0
L 2.606306 2.1112254 2.6850452 2.1112254 0 P 0
L 2.6063061 2.3336693 2.6063061 2.3828789 0 P 0
L 2.6063061 2.3336693 2.6850453 2.3336693 0 P 0
L 2.6063061 2.3828789 2.6850453 2.3828789 0 P 0
L 2.6082676 1.8474631 2.6082676 1.8966757 0 P 0
L 2.6082676 1.8474631 2.6870078 1.8474631 0 P 0
L 2.6082676 1.8966757 2.6870078 1.8966757 0 P 0
L 2.6082676 1.9262033 2.6082676 1.9754159 0 P 0
L 2.6082676 1.9262033 2.6870078 1.9262033 0 P 0
L 2.6082676 1.9754159 2.6870078 1.9754159 0 P 0
L 2.6082745 1.7677916 2.6082745 1.8170012 0 P 0
L 2.6082745 1.7677916 2.6870137 1.7677916 0 P 0
L 2.6082745 1.8170012 2.6870137 1.8170012 0 P 0
L 2.6850393 2.140748 2.6850393 2.1899606 0 P 0
L 2.6850393 2.2194882 2.6850393 2.2687008 0 P 0
L 2.6850394 2.4124016 2.6850394 2.4616142 0 P 0
L 2.6850394 2.4911417 2.6850394 2.5403543 0 P 0
L 2.6850452 2.0620158 2.6850452 2.1112254 0 P 0
L 2.6850453 2.3336693 2.6850453 2.3828789 0 P 0
L 2.6870078 1.8474631 2.6870078 1.8966757 0 P 0
L 2.6870078 1.9262033 2.6870078 1.9754159 0 P 0
L 2.6870137 1.7677916 2.6870137 1.8170012 0 P 0
L 2.7007874 0.9261811 2.7007874 1.1230315 0 P 0
L 2.7007874 0.9261811 2.8582677 0.9261811 0 P 0
L 2.7007874 1.1230315 2.8582677 1.1230315 0 P 0
L 2.7224409 1.1653541 2.7224409 1.2440943 0 P 0
L 2.7224409 1.1653541 2.7716535 1.1653541 0 P 0
L 2.7224409 1.2440943 2.7716535 1.2440943 0 P 0
L 2.7263779 2.1053149 2.7263779 2.2175196 0 P 0
L 2.7263779 2.1053149 2.7933071 2.1053149 0 P 0
L 2.7263779 2.2175196 2.7933071 2.2175196 0 P 0
L 2.7263779 2.3797162 2.7263779 2.4919209 0 P 0
L 2.7263779 2.3797162 2.7933071 2.3797162 0 P 0
L 2.7263779 2.4919209 2.7933071 2.4919209 0 P 0
L 2.7283464 1.81203 2.7283464 1.9242347 0 P 0
L 2.7283464 1.81203 2.7952756 1.81203 0 P 0
L 2.7283464 1.9242347 2.7952756 1.9242347 0 P 0
L 2.7716535 1.1653541 2.7716535 1.2440943 0 P 0
L 2.7933071 2.1053149 2.7933071 2.2175196 0 P 0
L 2.7933071 2.3797162 2.7933071 2.4919209 0 P 0
L 2.7952756 1.81203 2.7952756 1.9242347 0 P 0
L 2.8129921 2.105315 2.8129921 2.2175197 0 P 0
L 2.8129921 2.105315 2.8799213 2.105315 0 P 0
L 2.8129921 2.2175197 2.8799213 2.2175197 0 P 0
L 2.8129921 2.3797163 2.8129921 2.491921 0 P 0
L 2.8129921 2.3797163 2.8799213 2.3797163 0 P 0
L 2.8129921 2.491921 2.8799213 2.491921 0 P 0
L 2.8149606 1.8120301 2.8149606 1.9242348 0 P 0
L 2.8149606 1.8120301 2.8818898 1.8120301 0 P 0
L 2.8149606 1.9242348 2.8818898 1.9242348 0 P 0
L 2.8179134 1.1505906 2.8179134 1.1998032 0 P 0
L 2.8179134 1.1505906 2.8966536 1.1505906 0 P 0
L 2.8179134 1.1998032 2.8966536 1.1998032 0 P 0
L 2.8385828 1.2952756 2.8385828 1.3661417 0 P 0
L 2.8385828 1.2952756 2.9724411 1.2952756 0 P 0
L 2.8385828 1.3661417 2.9724411 1.3661417 0 P 0
L 2.8582677 0.9261811 2.8582677 1.1230315 0 P 0
L 2.8799213 2.105315 2.8799213 2.2175197 0 P 0
L 2.8799213 2.3797163 2.8799213 2.491921 0 P 0
L 2.8818898 1.8120301 2.8818898 1.9242348 0 P 0
L 2.8966536 1.1505906 2.8966536 1.1998032 0 P 0
L 2.9094492 1.3896276 2.9094492 1.6534071 0 P 0
L 2.9094492 1.3896276 3.0551184 1.3896276 0 P 0
L 2.9094492 1.6534071 3.0551184 1.6534071 0 P 0
L 2.9291338 2.0088585 2.9291339 2.0954726 0 P 0
L 2.9291338 2.0088585 2.9862202 2.0088583 0 P 0
L 2.9291339 2.0954726 2.9862205 2.0954728 0 P 0
L 2.9724411 1.2952756 2.9724411 1.3661417 0 P 0
L 2.9767717 2.5601167 2.9767717 2.6601164 0 P 0
L 2.9767717 2.5601167 3.3771655 2.5601163 0 P 0
L 2.9771653 2.6601165 3.3771654 2.6601164 0 P 0
L 2.9862202 2.0088583 2.9862205 2.0954728 0 P 0
L 2.992126 1.6770292 2.992126 1.7478953 0 P 0
L 2.992126 1.6770292 3.1259843 1.6770292 0 P 0
L 2.992126 1.7478953 3.1259843 1.7478953 0 P 0
L 3.0088583 1.1505906 3.0088583 1.1998032 0 P 0
L 3.0088583 1.1505906 3.0875985 1.1505906 0 P 0
L 3.0088583 1.1998032 3.0875985 1.1998032 0 P 0
L 3.019685 1.8784623 3.019685 1.9572025 0 P 0
L 3.019685 1.8784623 3.0688976 1.8784623 0 P 0
L 3.019685 1.9572025 3.0688976 1.9572025 0 P 0
L 3.027559 2.4872046 3.027559 2.5442912 0 P 0
L 3.027559 2.4872046 3.1141732 2.4872046 0 P 0
L 3.027559 2.5442912 3.1141732 2.5442912 0 P 0
L 3.0472442 0.9263779 3.0472442 1.1232283 0 P 0
L 3.0472442 0.9263779 3.2047245 0.9263779 0 P 0
L 3.0472442 1.1232283 3.2047245 1.1232283 0 P 0
L 3.0551184 1.3896276 3.0551184 1.6534071 0 P 0
L 3.0659448 2.1151576 3.065945 2.3907482 0 P 0
L 3.0659448 2.1151576 3.3415354 2.1151574 0 P 0
L 3.065945 2.3907482 3.3415356 2.390748 0 P 0
L 3.0688976 1.8784623 3.0688976 1.9572025 0 P 0
L 3.0875985 1.1505906 3.0875985 1.1998032 0 P 0
L 3.1033465 1.8784622 3.1033465 1.9572025 0 P 0
L 3.1033465 1.8784622 3.1525591 1.8784623 0 P 0
L 3.1033465 1.9572025 3.1525591 1.9572026 0 P 0
L 3.1141732 2.4872046 3.1141732 2.5442912 0 P 0
L 3.1259843 1.6770292 3.1259843 1.7478953 0 P 0
L 3.1338583 1.1653543 3.1338583 1.2440945 0 P 0
L 3.1338583 1.1653543 3.1830709 1.1653543 0 P 0
L 3.1338583 1.2440945 3.1830709 1.2440945 0 P 0
L 3.1525591 1.8784623 3.1525591 1.9572026 0 P 0
L 3.1830709 1.1653543 3.1830709 1.2440945 0 P 0
L 3.2017716 1.8745254 3.2017716 1.9611396 0 P 0
L 3.2017716 1.8745254 3.2588582 1.8745254 0 P 0
L 3.2017716 1.9611396 3.2588582 1.9611396 0 P 0
L 3.2047245 0.9263779 3.2047245 1.1232283 0 P 0
L 3.2588582 1.8745254 3.2588582 1.9611396 0 P 0
L 3.3415354 2.1151574 3.3415356 2.390748 0 P 0
L 3.3771654 2.6601164 3.3771655 2.5601163 0 P 0
L 3.4196902 1.2834646 3.4196902 1.3937008 1 P 0
L 3.4196902 1.2834646 3.4196902 1.3937008 1 P 0
L 3.4196902 1.2834646 3.5456744 1.2834646 1 P 0
L 3.4196902 1.2834646 3.5456744 1.2834646 1 P 0
L 3.4196902 1.3937008 3.5456744 1.3937008 1 P 0
L 3.4196902 1.3937008 3.5456744 1.3937008 1 P 0
L 3.4506245 1.0720737 3.466928 1.0112278 0 P 0
L 3.4506245 1.0720737 3.5723156 1.1046805 0 P 0
L 3.4645667 2.4484081 3.464567 2.3913214 0 P 0
L 3.4645667 2.4484081 3.5511809 2.448408 0 P 0
L 3.464567 2.3913214 3.551181 2.3913214 0 P 0
L 3.466928 1.0112278 3.5886193 1.0438345 0 P 0
L 3.4701776 2.484995 3.4701776 2.5342076 0 P 0
L 3.4701776 2.484995 3.5489178 2.484995 0 P 0
L 3.4701776 2.5342076 3.5489178 2.5342076 0 P 0
L 3.5456744 1.2834646 3.5456744 1.3937008 1 P 0
L 3.5456744 1.2834646 3.5456744 1.3937008 1 P 0
L 3.5458265 0.8126937 3.6009446 0.7172264 1 P 0
L 3.5458265 0.8126937 3.6009446 0.7172264 1 P 0
L 3.5458265 0.8126937 3.654932 0.8756858 1 P 0
L 3.5458265 0.8126937 3.654932 0.8756858 1 P 0
L 3.5458265 1.8644717 3.6009446 1.959939 1 P 0
L 3.5458265 1.8644717 3.6009446 1.959939 1 P 0
L 3.5458265 1.8644717 3.654932 1.8014796 1 P 0
L 3.5458265 1.8644717 3.654932 1.8014796 1 P 0
L 3.5489178 2.484995 3.5489178 2.5342076 0 P 0
L 3.5511809 2.448408 3.551181 2.3913214 0 P 0
L 3.5723156 1.1046805 3.5886193 1.0438345 0 P 0
L 3.6009446 0.7172264 3.7100501 0.7802185 1 P 0
L 3.6009446 0.7172264 3.7100501 0.7802185 1 P 0
L 3.6009446 1.959939 3.7100501 1.8969469 1 P 0
L 3.6009446 1.959939 3.7100501 1.8969469 1 P 0
L 3.6079724 2.5834201 3.6079724 2.6326327 0 P 0
L 3.6079724 2.5834201 3.6867126 2.5834201 0 P 0
L 3.6079724 2.6326327 3.6867126 2.6326327 0 P 0
L 3.6079728 2.484995 3.6079728 2.5342076 0 P 0
L 3.6079728 2.484995 3.686713 2.484995 0 P 0
L 3.6079728 2.5342076 3.686713 2.5342076 0 P 0
L 3.654932 0.8756858 3.7100501 0.7802185 1 P 0
L 3.654932 0.8756858 3.7100501 0.7802185 1 P 0
L 3.654932 1.8014796 3.7100501 1.8969469 1 P 0
L 3.654932 1.8014796 3.7100501 1.8969469 1 P 0
L 3.6867126 2.5834201 3.6867126 2.6326327 0 P 0
L 3.686713 2.484995 3.686713 2.5342076 0 P 0
L 3.7457677 2.5834201 3.7457677 2.6326327 0 P 0
L 3.7457677 2.5834201 3.8245079 2.5834201 0 P 0
L 3.7457677 2.6326327 3.8245079 2.6326327 0 P 0
L 3.8133902 1.2834646 3.8133902 1.3937008 1 P 0
L 3.8133902 1.2834646 3.8133902 1.3937008 1 P 0
L 3.8133902 1.2834646 3.9393744 1.2834646 1 P 0
L 3.8133902 1.2834646 3.9393744 1.2834646 1 P 0
L 3.8133902 1.3937008 3.9393744 1.3937008 1 P 0
L 3.8133902 1.3937008 3.9393744 1.3937008 1 P 0
L 3.8245079 2.5834201 3.8245079 2.6326327 0 P 0
L 3.9393744 1.2834646 3.9393744 1.3937008 1 P 0
L 3.9393744 1.2834646 3.9393744 1.3937008 1 P 0
L 3.9455728 0.3725982 4.0085649 0.4817037 1 P 0
L 3.9455728 0.3725982 4.0085649 0.4817037 1 P 0
L 3.9455728 0.3725982 4.0410401 0.3174801 1 P 0
L 3.9455728 0.3725982 4.0410401 0.3174801 1 P 0
L 3.9455728 2.3045672 4.0085649 2.1954617 1 P 0
L 3.9455728 2.3045672 4.0085649 2.1954617 1 P 0
L 3.9455728 2.3045672 4.0410401 2.3596853 1 P 0
L 3.9455728 2.3045672 4.0410401 2.3596853 1 P 0
L 3.9951177 1.8324453 4.0730665 1.9103941 1 P 0
L 3.9951177 1.8324453 4.0730665 1.9103941 1 P 0
L 3.9951177 1.8324453 4.084202 1.743361 1 P 0
L 3.9951177 1.8324453 4.084202 1.743361 1 P 0
L 3.9956731 0.8440875 4.0737087 0.7662257 1 P 0
L 3.9956731 0.8440875 4.0737087 0.7662257 1 P 0
L 3.9956731 0.8440875 4.084658 0.933271 1 P 0
L 3.9956731 0.8440875 4.084658 0.933271 1 P 0
L 4.0085649 0.4817037 4.1040322 0.4265856 1 P 0
L 4.0085649 0.4817037 4.1040322 0.4265856 1 P 0
L 4.0085649 2.1954617 4.1040322 2.2505798 1 P 0
L 4.0085649 2.1954617 4.1040322 2.2505798 1 P 0
L 4.0410401 0.3174801 4.1040322 0.4265856 1 P 0
L 4.0410401 0.3174801 4.1040322 0.4265856 1 P 0
L 4.0410401 2.3596853 4.1040322 2.2505798 1 P 0
L 4.0410401 2.3596853 4.1040322 2.2505798 1 P 0
L 4.0730665 1.9103941 4.1621508 1.8213098 1 P 0
L 4.0730665 1.9103941 4.1621508 1.8213098 1 P 0
L 4.0737087 0.7662257 4.1626936 0.8554092 1 P 0
L 4.0737087 0.7662257 4.1626936 0.8554092 1 P 0
L 4.084202 1.743361 4.1621508 1.8213098 1 P 0
L 4.084202 1.743361 4.1621508 1.8213098 1 P 0
L 4.084658 0.933271 4.1626936 0.8554092 1 P 0
L 4.084658 0.933271 4.1626936 0.8554092 1 P 0
L 4.2085405 1.2834646 4.2085405 1.3937008 1 P 0
L 4.2085405 1.2834646 4.2085405 1.3937008 1 P 0
L 4.2085405 1.2834646 4.3345247 1.2834646 1 P 0
L 4.2085405 1.2834646 4.3345247 1.2834646 1 P 0
L 4.2085405 1.3937008 4.3345247 1.3937008 1 P 0
L 4.2085405 1.3937008 4.3345247 1.3937008 1 P 0
L 4.239574 2.4385839 4.2721815 2.3168926 0 P 0
L 4.239574 2.4385839 4.3004198 2.4548875 0 P 0
L 4.2721815 2.3168926 4.3330271 2.3331962 0 P 0
L 4.2902155 1.5707588 4.3347578 1.6153007 0 P 0
L 4.2902155 1.5707588 4.3793 1.481674 0 P 0
L 4.3004198 2.4548875 4.3330271 2.3331962 0 P 0
L 4.3345247 1.2834646 4.3345247 1.3937008 1 P 0
L 4.3345247 1.2834646 4.3345247 1.3937008 1 P 0
L 4.3347578 1.6153007 4.4238422 1.5262162 0 P 0
L 4.3793 1.481674 4.4238422 1.5262162 0 P 0
L 4.511811 0.1913438 4.511811 0.317328 1 P 0
L 4.511811 0.1913438 4.511811 0.317328 1 P 0
L 4.511811 0.1913438 4.6220472 0.1913438 1 P 0
L 4.511811 0.1913438 4.6220472 0.1913438 1 P 0
L 4.511811 0.317328 4.6220472 0.317328 1 P 0
L 4.511811 0.317328 4.6220472 0.317328 1 P 0
L 4.511811 0.5850438 4.511811 0.711028 1 P 0
L 4.511811 0.5850438 4.511811 0.711028 1 P 0
L 4.511811 0.5850438 4.6220472 0.5850438 1 P 0
L 4.511811 0.5850438 4.6220472 0.5850438 1 P 0
L 4.511811 0.711028 4.6220472 0.711028 1 P 0
L 4.511811 0.711028 4.6220472 0.711028 1 P 0
L 4.511811 0.977577 4.511811 1.1035612 1 P 0
L 4.511811 0.977577 4.511811 1.1035612 1 P 0
L 4.511811 0.977577 4.6220472 0.977577 1 P 0
L 4.511811 0.977577 4.6220472 0.977577 1 P 0
L 4.511811 1.1035612 4.6220472 1.1035612 1 P 0
L 4.511811 1.1035612 4.6220472 1.1035612 1 P 0
L 4.511811 1.5724374 4.511811 1.6984216 1 P 0
L 4.511811 1.5724374 4.511811 1.6984216 1 P 0
L 4.511811 1.5724374 4.6220472 1.5724374 1 P 0
L 4.511811 1.5724374 4.6220472 1.5724374 1 P 0
L 4.511811 1.6984216 4.6220472 1.6984216 1 P 0
L 4.511811 1.6984216 4.6220472 1.6984216 1 P 0
L 4.511811 1.9661374 4.511811 2.0921216 1 P 0
L 4.511811 1.9661374 4.511811 2.0921216 1 P 0
L 4.511811 1.9661374 4.6220472 1.9661374 1 P 0
L 4.511811 1.9661374 4.6220472 1.9661374 1 P 0
L 4.511811 2.0921216 4.6220472 2.0921216 1 P 0
L 4.511811 2.0921216 4.6220472 2.0921216 1 P 0
L 4.511811 2.3598374 4.511811 2.4858216 1 P 0
L 4.511811 2.3598374 4.511811 2.4858216 1 P 0
L 4.511811 2.3598374 4.6220472 2.3598374 1 P 0
L 4.511811 2.3598374 4.6220472 2.3598374 1 P 0
L 4.511811 2.4858216 4.6220472 2.4858216 1 P 0
L 4.511811 2.4858216 4.6220472 2.4858216 1 P 0
L 4.6220472 0.1913438 4.6220472 0.317328 1 P 0
L 4.6220472 0.1913438 4.6220472 0.317328 1 P 0
L 4.6220472 0.5850438 4.6220472 0.711028 1 P 0
L 4.6220472 0.5850438 4.6220472 0.711028 1 P 0
L 4.6220472 0.977577 4.6220472 1.1035612 1 P 0
L 4.6220472 0.977577 4.6220472 1.1035612 1 P 0
L 4.6220472 1.5724374 4.6220472 1.6984216 1 P 0
L 4.6220472 1.5724374 4.6220472 1.6984216 1 P 0
L 4.6220472 1.9661374 4.6220472 2.0921216 1 P 0
L 4.6220472 1.9661374 4.6220472 2.0921216 1 P 0
L 4.6220472 2.3598374 4.6220472 2.4858216 1 P 0
L 4.6220472 2.3598374 4.6220472 2.4858216 1 P 0
L 4.710016 1.1509491 4.7545584 1.1954914 0 P 0
L 4.710016 1.1509491 4.7991001 1.0618649 0 P 0
L 4.7545584 1.1954914 4.8436428 1.1064071 0 P 0
L 4.7991001 1.0618649 4.8436428 1.1064071 0 P 0
L 4.8007838 1.2834646 4.8007838 1.3937008 1 P 0
L 4.8007838 1.2834646 4.8007838 1.3937008 1 P 0
L 4.8007838 1.2834646 4.926768 1.2834646 1 P 0
L 4.8007838 1.2834646 4.926768 1.2834646 1 P 0
L 4.8007838 1.3937008 4.926768 1.3937008 1 P 0
L 4.8007838 1.3937008 4.926768 1.3937008 1 P 0
L 4.8008316 0.3439693 4.8334381 0.222278 0 P 0
L 4.8008316 0.3439693 4.8616766 0.3602735 0 P 0
L 4.8334381 0.222278 4.8942838 0.2385816 0 P 0
L 4.8616766 0.3602735 4.8942838 0.2385816 0 P 0
L 4.926768 1.2834646 4.926768 1.3937008 1 P 0
L 4.926768 1.2834646 4.926768 1.3937008 1 P 0
L 4.9717029 1.8213053 5.0496517 1.7433565 1 P 0
L 4.9717029 1.8213053 5.0496517 1.7433565 1 P 0
L 4.9717029 1.8213053 5.0607872 1.9103896 1 P 0
L 4.9717029 1.8213053 5.0607872 1.9103896 1 P 0
L 4.9717074 0.8558556 5.0496562 0.9338044 1 P 0
L 4.9717074 0.8558556 5.0496562 0.9338044 1 P 0
L 4.9717074 0.8558556 5.0607917 0.7667713 1 P 0
L 4.9717074 0.8558556 5.0607917 0.7667713 1 P 0
L 5.029826 0.4265856 5.0928181 0.3174801 1 P 0
L 5.029826 0.4265856 5.0928181 0.3174801 1 P 0
L 5.029826 0.4265856 5.1252933 0.4817037 1 P 0
L 5.029826 0.4265856 5.1252933 0.4817037 1 P 0
L 5.029826 2.2505798 5.0928181 2.3596853 1 P 0
L 5.029826 2.2505798 5.0928181 2.3596853 1 P 0
L 5.029826 2.2505798 5.1252933 2.1954617 1 P 0
L 5.029826 2.2505798 5.1252933 2.1954617 1 P 0
L 5.0496517 1.7433565 5.138736 1.8324408 1 P 0
L 5.0496517 1.7433565 5.138736 1.8324408 1 P 0
L 5.0496562 0.9338044 5.1387405 0.8447201 1 P 0
L 5.0496562 0.9338044 5.1387405 0.8447201 1 P 0
L 5.0607872 1.9103896 5.138736 1.8324408 1 P 0
L 5.0607872 1.9103896 5.138736 1.8324408 1 P 0
L 5.0607917 0.7667713 5.1387405 0.8447201 1 P 0
L 5.0607917 0.7667713 5.1387405 0.8447201 1 P 0
L 5.0928181 0.3174801 5.1882854 0.3725982 1 P 0
L 5.0928181 0.3174801 5.1882854 0.3725982 1 P 0
L 5.0928181 2.3596853 5.1882854 2.3045672 1 P 0
L 5.0928181 2.3596853 5.1882854 2.3045672 1 P 0
L 5.1252933 0.4817037 5.1882854 0.3725982 1 P 0
L 5.1252933 0.4817037 5.1882854 0.3725982 1 P 0
L 5.1252933 2.1954617 5.1882854 2.3045672 1 P 0
L 5.1252933 2.1954617 5.1882854 2.3045672 1 P 0
L 5.1944838 1.2834646 5.1944838 1.3937008 1 P 0
L 5.1944838 1.2834646 5.1944838 1.3937008 1 P 0
L 5.1944838 1.2834646 5.320468 1.2834646 1 P 0
L 5.1944838 1.2834646 5.320468 1.2834646 1 P 0
L 5.1944838 1.3937008 5.320468 1.3937008 1 P 0
L 5.1944838 1.3937008 5.320468 1.3937008 1 P 0
L 5.320468 1.2834646 5.320468 1.3937008 1 P 0
L 5.320468 1.2834646 5.320468 1.3937008 1 P 0
L 5.4238081 0.7802185 5.4789262 0.8756858 1 P 0
L 5.4238081 0.7802185 5.4789262 0.8756858 1 P 0
L 5.4238081 0.7802185 5.5329136 0.7172264 1 P 0
L 5.4238081 0.7802185 5.5329136 0.7172264 1 P 0
L 5.4238081 1.8969469 5.4789262 1.8014796 1 P 0
L 5.4238081 1.8969469 5.4789262 1.8014796 1 P 0
L 5.4238081 1.8969469 5.5329136 1.959939 1 P 0
L 5.4238081 1.8969469 5.5329136 1.959939 1 P 0
L 5.4789262 0.8756858 5.5880317 0.8126937 1 P 0
L 5.4789262 0.8756858 5.5880317 0.8126937 1 P 0
L 5.4789262 1.8014796 5.5880317 1.8644717 1 P 0
L 5.4789262 1.8014796 5.5880317 1.8644717 1 P 0
L 5.5329136 0.7172264 5.5880317 0.8126937 1 P 0
L 5.5329136 0.7172264 5.5880317 0.8126937 1 P 0
L 5.5329136 1.959939 5.5880317 1.8644717 1 P 0
L 5.5329136 1.959939 5.5880317 1.8644717 1 P 0
L 5.545166 1.6335847 5.5614845 1.5727428 0 P 0
L 5.545166 1.6335847 5.6668488 1.6662225 0 P 0
L 5.5614845 1.5727428 5.6831682 1.6053808 0 P 0
L 5.5881838 1.2834646 5.5881838 1.3937008 1 P 0
L 5.5881838 1.2834646 5.5881838 1.3937008 1 P 0
L 5.5881838 1.2834646 5.714168 1.2834646 1 P 0
L 5.5881838 1.2834646 5.714168 1.2834646 1 P 0
L 5.5881838 1.3937008 5.714168 1.3937008 1 P 0
L 5.5881838 1.3937008 5.714168 1.3937008 1 P 0
L 5.6668488 1.6662225 5.6831682 1.6053808 0 P 0
L 5.714168 1.2834646 5.714168 1.3937008 1 P 0
L 5.714168 1.2834646 5.714168 1.3937008 1 P 0
